[gd_scene load_steps=8 format=3 uid="uid://d26i75isxisbd"]

[ext_resource type="Script" uid="uid://dju03gcsec8j0" path="res://Assets/Boss/boss.gd" id="1_h67tw"]
[ext_resource type="Material" uid="uid://da86nngnsjupv" path="res://Materials/Boss.material" id="1_ynwai"]

[sub_resource type="TorusMesh" id="TorusMesh_ynwai"]
material = ExtResource("1_ynwai")
inner_radius = 10.0
outer_radius = 11.0

[sub_resource type="PrismMesh" id="PrismMesh_ynwai"]
material = ExtResource("1_ynwai")
size = Vector3(0.75, 3, 0.75)

[sub_resource type="TorusMesh" id="TorusMesh_2espj"]
material = ExtResource("1_ynwai")
inner_radius = 5.0
outer_radius = 6.0

[sub_resource type="SphereMesh" id="SphereMesh_e80dc"]
material = ExtResource("1_ynwai")
radius = 1.0
height = 2.0

[sub_resource type="CapsuleMesh" id="CapsuleMesh_h67tw"]
material = ExtResource("1_ynwai")
radius = 1.0
height = 5.0

[node name="Boss" type="Node3D"]
script = ExtResource("1_h67tw")

[node name="OuterRing" type="MeshInstance3D" parent="."]
transform = Transform3D(0.999942, -4.71468e-10, -0.0107859, -0.0107859, -4.37088e-08, -0.999942, 0, 1, -4.37114e-08, 0, 0, 0)
mesh = SubResource("TorusMesh_ynwai")

[node name="MeshInstance3D" type="MeshInstance3D" parent="OuterRing"]
transform = Transform3D(0.99988, -0.0107801, -0.0111382, 0.0107801, -0.0327191, 0.999407, -0.0111382, -0.999407, -0.0325989, -0.134387, -5.4459e-07, -12.4588)
mesh = SubResource("PrismMesh_ynwai")

[node name="MeshInstance3D2" type="MeshInstance3D" parent="OuterRing"]
transform = Transform3D(-0.999886, 0.0102219, 0.0111199, 0.0107801, -0.032719, 0.999406, 0.0105797, 0.999413, 0.032605, 0.132618, 5.37424e-07, 12.2948)
mesh = SubResource("PrismMesh_ynwai")

[node name="MeshInstance3D3" type="MeshInstance3D" parent="OuterRing"]
transform = Transform3D(0.0181358, 0.999307, 0.0325201, 0.0107802, -0.032719, 0.999406, 0.999777, -0.0177744, -0.0113661, 12.1926, -4.36353e-09, -0.099826)
mesh = SubResource("PrismMesh_ynwai")

[node name="MeshInstance3D4" type="MeshInstance3D" parent="OuterRing"]
transform = Transform3D(-0.0129357, -0.999386, -0.0325788, 0.0107801, -0.032719, 0.999406, -0.999858, 0.0125768, 0.0111967, -12.2628, 7.16703e-09, 0.163962)
mesh = SubResource("PrismMesh_ynwai")

[node name="FirballHolders" type="Node3D" parent="OuterRing"]

[node name="FireBallPosition1" type="Marker3D" parent="OuterRing/FirballHolders"]
transform = Transform3D(1, -6.35275e-22, -8.25e-23, 1.11022e-16, 1, -7.10543e-15, -2.42647e-24, 0, 1, 8.15179, -3.84352e-09, -0.0879295)

[node name="FireBallPosition2" type="Marker3D" parent="OuterRing/FirballHolders"]
transform = Transform3D(1, -6.35275e-22, -8.25e-23, 1.11022e-16, 1, -7.10543e-15, -2.42647e-24, 0, 1, 5.96789, -2.35228e-07, -5.38138)

[node name="FireBallPosition3" type="Marker3D" parent="OuterRing/FirballHolders"]
transform = Transform3D(1, -6.35275e-22, -8.25e-23, 1.66533e-16, 1, -1.06581e-14, -4.85293e-24, 0, 1, -0.0856362, -3.47031e-07, -7.93914)

[node name="FireBallPosition4" type="Marker3D" parent="OuterRing/FirballHolders"]
transform = Transform3D(1, -6.35275e-22, -8.25e-23, 2.22045e-16, 1, -1.42109e-14, -7.2794e-24, 0, 1, -6.01552, -2.45072e-07, -5.60658)

[node name="FireBallPosition5" type="Marker3D" parent="OuterRing/FirballHolders"]
transform = Transform3D(1, -6.35275e-22, -8.25e-23, 2.77556e-16, 1, -1.77636e-14, -9.70587e-24, 0, 1, -8.08014, 6.90862e-09, 0.15805)

[node name="FireBallPosition6" type="Marker3D" parent="OuterRing/FirballHolders"]
transform = Transform3D(1, -6.35275e-22, -8.25e-23, 3.33067e-16, 1, -2.13163e-14, -1.21323e-23, 0, 1, -5.68282, 2.41291e-07, 5.52009)

[node name="FireBallPosition7" type="Marker3D" parent="OuterRing/FirballHolders"]
transform = Transform3D(1, -6.35275e-22, -8.25e-23, 3.88578e-16, 1, -2.4869e-14, -1.45588e-23, 0, 1, 0.157287, 3.50096e-07, 8.00926)

[node name="FireBallPosition8" type="Marker3D" parent="OuterRing/FirballHolders"]
transform = Transform3D(1, -6.35275e-22, -8.25e-23, 4.996e-16, 1, -3.19744e-14, -1.94117e-23, 0, 1, 5.93852, 2.20317e-07, 5.04027)

[node name="InnerRing" type="MeshInstance3D" parent="."]
transform = Transform3D(0.999942, -4.71468e-10, -0.0107859, -0.0107859, -4.37088e-08, -0.999942, 0, 1, -4.37114e-08, 0, 0, 0)
mesh = SubResource("TorusMesh_2espj")

[node name="Node3D" type="Node3D" parent="."]

[node name="MeshInstance3D" type="MeshInstance3D" parent="Node3D"]
transform = Transform3D(1, 0, 0, 0, 1, 0, 0, 0, 1, 0, 2.88087, 0)
mesh = SubResource("SphereMesh_e80dc")

[node name="MeshInstance3D2" type="MeshInstance3D" parent="Node3D"]
transform = Transform3D(1, 0, 0, 0, 1, 0, 0, 0, 1, 0, -0.930755, 0)
mesh = SubResource("CapsuleMesh_h67tw")

[node name="DirectionalLight3D" type="DirectionalLight3D" parent="."]
transform = Transform3D(1, 0, 0, 0, 0.436064, 0.899916, 0, -0.899916, 0.436064, 0, 9.84504, 6.73503)

[node name="Camera3D" type="Camera3D" parent="."]
transform = Transform3D(1, 0, 0, 0, 1, 0, 0, 0, 1, 0, 1.57701, 9.58778)
