[gd_scene load_steps=86 format=3 uid="uid://pihrwjmka60b"]

[ext_resource type="PackedScene" uid="uid://dh7driskg67n7" path="res://Enemy/enemy.tscn" id="1_2of45"]
[ext_resource type="Script" uid="uid://c7sx0sjyohmnx" path="res://Worlds/first_world.gd" id="1_jivs5"]
[ext_resource type="Shader" uid="uid://bw3nudqetgnig" path="res://Shaders/BrickGptA.gdshader" id="2_37wnl"]
[ext_resource type="Material" uid="uid://bdeq30xo27jn1" path="res://Materials/Asphalt.material" id="2_lhx7d"]
[ext_resource type="PackedScene" uid="uid://ctse5jscksh37" path="res://Assets/Player/PlayerMeshes.tscn" id="2_qd2iy"]
[ext_resource type="Material" uid="uid://bug2s5muq1wid" path="res://Materials/Grass.material" id="3_3qctl"]
[ext_resource type="PackedScene" uid="uid://xng8843dw2w3" path="res://Assets/SetPieces/TrashCan.tscn" id="5_c3ijb"]
[ext_resource type="PackedScene" uid="uid://boyg3wtx3ryxx" path="res://Assets/SetPieces/body.tscn" id="6_1ahrg"]
[ext_resource type="PackedScene" uid="uid://d3se8yqgo4vks" path="res://Assets/SetPieces/lampost.tscn" id="7_2u5r2"]
[ext_resource type="Material" uid="uid://dptdk886tc1ni" path="res://Materials/WoodMaterial.material" id="8_dy4m2"]
[ext_resource type="PackedScene" uid="uid://b1s5yp8cumpxo" path="res://Assets/SetPieces/clouds.tscn" id="9_k4jf7"]
[ext_resource type="Material" uid="uid://dckd4w7qsbowm" path="res://Materials/LargerFence.material" id="11_5ej7r"]
[ext_resource type="Material" uid="uid://cxmaep45k5r2e" path="res://Assets/SetPieces/BridgeTexture.material" id="13_42xel"]
[ext_resource type="Material" uid="uid://cbpet5mo28qee" path="res://Materials/Wood.material" id="13_buwvj"]
[ext_resource type="Material" uid="uid://bhddvdgyieyhu" path="res://Materials/CastleGrounds.material" id="13_cqb8u"]
[ext_resource type="PackedScene" uid="uid://cs76shpr60js6" path="res://Assets/SetPieces/FlamingTorus.tscn" id="16_ekhpj"]
[ext_resource type="PackedScene" uid="uid://d26i75isxisbd" path="res://Assets/Boss/Boss.tscn" id="17_yr04i"]
[ext_resource type="PackedScene" uid="uid://cfsy8g730t7u" path="res://Assets/Seaworm/Seaworm.tscn" id="18_506sp"]

[sub_resource type="ProceduralSkyMaterial" id="ProceduralSkyMaterial_37wnl"]
sky_top_color = Color(0.165271, 0.204685, 0.259496, 1)
sky_horizon_color = Color(0, 0, 0, 1)
ground_bottom_color = Color(0, 0, 0, 1)
ground_horizon_color = Color(0, 0, 0, 1)

[sub_resource type="Sky" id="Sky_lhx7d"]
sky_material = SubResource("ProceduralSkyMaterial_37wnl")

[sub_resource type="Environment" id="Environment_c3ijb"]
background_mode = 2
background_energy_multiplier = 0.75
sky = SubResource("Sky_lhx7d")
ambient_light_energy = 1.23
glow_enabled = true

[sub_resource type="StandardMaterial3D" id="StandardMaterial3D_qd2iy"]
albedo_color = Color(0.752345, 0.928077, 1, 1)
emission_enabled = true
emission = Color(0.197433, 0.705884, 0.912862, 1)
emission_energy_multiplier = 2.4

[sub_resource type="SphereMesh" id="SphereMesh_3qctl"]
material = SubResource("StandardMaterial3D_qd2iy")
radius = 7.817
height = 12.73

[sub_resource type="Curve3D" id="Curve3D_vvisa"]
_data = {
"points": PackedVector3Array(0, 0, 0, 0, 0, 0, -0.263565, 0, 0.0833736, 0, 0, 0, 0, 0, 0, 0.032655, 0, -5.03097, 0, 0, 0, 0, 0, 0, 0.0508882, 0, -14.1107, 0, 0, 0, 0, 0, 0, -0.0454791, 0, -24.2853, 0, 0, 0, 0, 0, 0, -7.90536, 0, -23.8421, 0, 0, 0, 0, 0, 0, -16.0015, 0, -24.057, 0, 0, 0, 0, 0, 0, -34.0852, 0.178003, -23.629, 0, 0, 0, 0, 0, 0, -72.4064, 0.359497, -23.8219, 0, 0, 0, 0, 0, 0, -85.9726, 0.359497, -20.6897, 0, 0, 0, 0, 0, 0, -93.7368, 0.62793, -22.5638, 0, 0, 0, 0, 0, 0, -97.3065, 0.359497, -28.9001, 0, 0, 0, 0, 0, 0, -103.507, 0.359497, -41.1291, 0, 0, 0, 0, 0, 0, -119.793, 0.359497, -66.8606, 0, 0, 0, 0, 0, 0, -136.85, 0.359497, -93.7005, 0, 0, 0, 0, 0, 0, -155.381, 0.359497, -124.484, 0, 0, 0, 0, 0, 0, -165.611, 0.359497, -145.988, 0, 0, 0, 0, 0, 0, -185.236, 0.359497, -174.799, 0, 0, 0, 0, 0, 0, -225.116, 0.359497, -183.716),
"tilts": PackedFloat32Array(0, 0, 0, 0, 0, 0, 0, 0, 0, 0, 0, 0, 0, 0, 0, 0, 0, 0)
}
point_count = 18

[sub_resource type="Gradient" id="Gradient_k4jf7"]
colors = PackedColorArray(0, 0, 0, 0, 1, 0, 0, 0.227451)

[sub_resource type="FastNoiseLite" id="FastNoiseLite_qd2iy"]

[sub_resource type="NoiseTexture2D" id="NoiseTexture2D_3qctl"]
seamless = true
color_ramp = SubResource("Gradient_k4jf7")
noise = SubResource("FastNoiseLite_qd2iy")

[sub_resource type="Animation" id="Animation_k4jf7"]
resource_name = "FlashOverlay"
tracks/0/type = "value"
tracks/0/imported = false
tracks/0/enabled = true
tracks/0/path = NodePath("BloodOverlay:modulate")
tracks/0/interp = 1
tracks/0/loop_wrap = true
tracks/0/keys = {
"times": PackedFloat32Array(0, 0.52, 1),
"transitions": PackedFloat32Array(1, 1, 1),
"update": 0,
"values": [Color(1, 1, 1, 0), Color(1, 1, 1, 1), Color(1, 1, 1, 0)]
}

[sub_resource type="Animation" id="Animation_qd2iy"]
length = 0.001
tracks/0/type = "value"
tracks/0/imported = false
tracks/0/enabled = true
tracks/0/path = NodePath("BloodOverlay:modulate")
tracks/0/interp = 1
tracks/0/loop_wrap = true
tracks/0/keys = {
"times": PackedFloat32Array(0),
"transitions": PackedFloat32Array(1),
"update": 0,
"values": [Color(1, 1, 1, 0)]
}

[sub_resource type="AnimationLibrary" id="AnimationLibrary_3qctl"]
_data = {
&"FlashOverlay": SubResource("Animation_k4jf7"),
&"RESET": SubResource("Animation_qd2iy")
}

[sub_resource type="CapsuleShape3D" id="CapsuleShape3D_jivs5"]

[sub_resource type="Animation" id="Animation_5ej7r"]
length = 0.001
tracks/0/type = "value"
tracks/0/imported = false
tracks/0/enabled = true
tracks/0/path = NodePath("SecondaryCam:rotation")
tracks/0/interp = 1
tracks/0/loop_wrap = true
tracks/0/keys = {
"times": PackedFloat32Array(0),
"transitions": PackedFloat32Array(1),
"update": 0,
"values": [Vector3(-0.731347, 0.130837, -0.0487906)]
}
tracks/1/type = "value"
tracks/1/imported = false
tracks/1/enabled = true
tracks/1/path = NodePath("SecondaryCam:position")
tracks/1/interp = 1
tracks/1/loop_wrap = true
tracks/1/keys = {
"times": PackedFloat32Array(0),
"transitions": PackedFloat32Array(1),
"update": 0,
"values": [Vector3(0.425289, 3.56522, 2.78457)]
}

[sub_resource type="Animation" id="Animation_buwvj"]
resource_name = "new_animation"

[sub_resource type="Animation" id="Animation_3qctl"]
resource_name = "scan"
length = 10.0
tracks/0/type = "value"
tracks/0/imported = false
tracks/0/enabled = true
tracks/0/path = NodePath("SecondaryCam:rotation")
tracks/0/interp = 1
tracks/0/loop_wrap = true
tracks/0/keys = {
"times": PackedFloat32Array(0, 2.00825, 4.03243, 5.93333, 7.56667, 10.0333),
"transitions": PackedFloat32Array(1, 1, 1, 1, 1, 1),
"update": 0,
"values": [Vector3(-0.731347, 0.130837, -0.0487906), Vector3(-0.295088, 0.114608, -0.0165213), Vector3(-0.184886, 0.315308, -0.0101649), Vector3(-0.184886, 0.315308, -0.0101649), Vector3(-0.295088, 0.114608, -0.0165213), Vector3(-0.731347, 0.130837, -0.0487906)]
}
tracks/1/type = "value"
tracks/1/imported = false
tracks/1/enabled = true
tracks/1/path = NodePath("SecondaryCam:position")
tracks/1/interp = 1
tracks/1/loop_wrap = true
tracks/1/keys = {
"times": PackedFloat32Array(0, 2.00825, 4.03243, 5.93333, 7.56667, 10.0333),
"transitions": PackedFloat32Array(1, 1, 1, 1, 1, 1),
"update": 0,
"values": [Vector3(0.35531, 4.40307, 1.57636), Vector3(0.425289, 3.56522, 2.78457), Vector3(1.53487, 1.98261, 0.948533), Vector3(1.53487, 1.98261, 0.948533), Vector3(0.425289, 3.56522, 2.78457), Vector3(0.35531, 4.40307, 1.57636)]
}

[sub_resource type="AnimationLibrary" id="AnimationLibrary_42xel"]
_data = {
&"RESET": SubResource("Animation_5ej7r"),
&"new_animation": SubResource("Animation_buwvj"),
&"scan": SubResource("Animation_3qctl")
}

[sub_resource type="ParticleProcessMaterial" id="ParticleProcessMaterial_buwvj"]
emission_shape_scale = Vector3(6.825, 0.175, 8.93)
emission_shape = 3
emission_box_extents = Vector3(1, 1, 1)
gravity = Vector3(0, -19.8, 0)

[sub_resource type="StandardMaterial3D" id="StandardMaterial3D_ekhpj"]
albedo_color = Color(0, 1, 1, 0.129412)

[sub_resource type="QuadMesh" id="QuadMesh_yr04i"]
material = SubResource("StandardMaterial3D_ekhpj")
size = Vector2(0.035, 0.645)

[sub_resource type="NoiseTexture2D" id="NoiseTexture2D_c3ijb"]

[sub_resource type="ShaderMaterial" id="ShaderMaterial_1ahrg"]
render_priority = 0
shader = ExtResource("2_37wnl")
shader_parameter/noise_tex = SubResource("NoiseTexture2D_c3ijb")
shader_parameter/base_brick_color = Color(0.16334, 0.0303424, 0.0090763, 1)
shader_parameter/mortar_color = Color(0.505882, 0.184314, 0.180392, 1)
shader_parameter/brick_width = 0.3
shader_parameter/brick_height = 0.035
shader_parameter/mortar_thickness = 0.005
shader_parameter/smoothness = 0.005
shader_parameter/noise_strength = 0.48
shader_parameter/noise_scale = 5.275

[sub_resource type="BoxMesh" id="BoxMesh_qd2iy"]
material = SubResource("ShaderMaterial_1ahrg")
size = Vector3(3.55, 10, 3.47)

[sub_resource type="StandardMaterial3D" id="StandardMaterial3D_2u5r2"]
vertex_color_use_as_albedo = true
albedo_color = Color(0.144063, 0.144063, 0.144063, 1)

[sub_resource type="PrismMesh" id="PrismMesh_3qctl"]
material = SubResource("StandardMaterial3D_2u5r2")
size = Vector3(4.91, 1.89, 4.13)

[sub_resource type="StandardMaterial3D" id="StandardMaterial3D_3qctl"]
albedo_color = Color(1, 1, 0, 1)
emission_enabled = true
emission = Color(0.862745, 1, 0, 1)
emission_energy_multiplier = 1.94

[sub_resource type="QuadMesh" id="QuadMesh_5ej7r"]
material = SubResource("StandardMaterial3D_3qctl")
size = Vector2(1.455, 1.955)

[sub_resource type="CylinderMesh" id="CylinderMesh_c3ijb"]
material = ExtResource("2_lhx7d")
top_radius = 3.0
bottom_radius = 3.0
height = 13.0

[sub_resource type="StandardMaterial3D" id="StandardMaterial3D_1ahrg"]
albedo_color = Color(0.0923971, 0.0923971, 0.0923971, 1)

[sub_resource type="CylinderMesh" id="CylinderMesh_2u5r2"]
material = SubResource("StandardMaterial3D_1ahrg")
top_radius = 0.145
bottom_radius = 4.648
height = 5.105
radial_segments = 49

[sub_resource type="QuadMesh" id="QuadMesh_qd2iy"]
material = SubResource("StandardMaterial3D_3qctl")
size = Vector2(0.99, 0.66)

[sub_resource type="PlaneMesh" id="PlaneMesh_1ahrg"]
material = ExtResource("8_dy4m2")
size = Vector2(5.01, 7.735)

[sub_resource type="PlaneMesh" id="PlaneMesh_k4jf7"]
material = ExtResource("8_dy4m2")
size = Vector2(6.24, 6.045)

[sub_resource type="PlaneMesh" id="PlaneMesh_qd2iy"]
material = ExtResource("8_dy4m2")
size = Vector2(5.225, 5.84)

[sub_resource type="PlaneMesh" id="PlaneMesh_buwvj"]
material = ExtResource("11_5ej7r")
size = Vector2(43.375, 7.735)

[sub_resource type="CylinderMesh" id="CylinderMesh_buwvj"]
material = ExtResource("13_buwvj")
bottom_radius = 1.719
height = 8.61

[sub_resource type="FastNoiseLite" id="FastNoiseLite_42xel"]

[sub_resource type="NoiseTexture2D" id="NoiseTexture2D_cqb8u"]
seamless = true
as_normal_map = true
noise = SubResource("FastNoiseLite_42xel")

[sub_resource type="StandardMaterial3D" id="StandardMaterial3D_42xel"]
albedo_color = Color(7.82125e-07, 0.390987, 0.015363, 1)
albedo_texture = SubResource("NoiseTexture2D_cqb8u")

[sub_resource type="SphereMesh" id="SphereMesh_cqb8u"]
material = SubResource("StandardMaterial3D_42xel")
radius = 3.093
height = 3.235

[sub_resource type="SphereMesh" id="SphereMesh_ekhpj"]
material = ExtResource("13_cqb8u")
radius = 0.977
height = 2.985

[sub_resource type="PlaneMesh" id="PlaneMesh_c3ijb"]
material = ExtResource("3_3qctl")
size = Vector2(21.54, 31.575)

[sub_resource type="Gradient" id="Gradient_5ej7r"]
colors = PackedColorArray(0.259294, 0.259294, 0.259294, 1, 7.46027e-07, 0.452196, 0.209945, 1)

[sub_resource type="FastNoiseLite" id="FastNoiseLite_buwvj"]

[sub_resource type="NoiseTexture2D" id="NoiseTexture2D_42xel"]
color_ramp = SubResource("Gradient_5ej7r")
noise = SubResource("FastNoiseLite_buwvj")

[sub_resource type="StandardMaterial3D" id="StandardMaterial3D_cqb8u"]
albedo_texture = SubResource("NoiseTexture2D_42xel")

[sub_resource type="PlaneMesh" id="PlaneMesh_ekhpj"]
material = SubResource("StandardMaterial3D_cqb8u")
size = Vector2(35.41, 21.31)

[sub_resource type="PlaneMesh" id="PlaneMesh_cqb8u"]
material = ExtResource("13_42xel")
size = Vector2(100, 4)

[sub_resource type="BoxMesh" id="BoxMesh_506sp"]
material = ExtResource("13_cqb8u")
size = Vector3(70.38, 25.425, 75.355)

[sub_resource type="BoxMesh" id="BoxMesh_jttvc"]
material = ExtResource("13_cqb8u")
size = Vector3(200, 25.425, 200)

[sub_resource type="CylinderMesh" id="CylinderMesh_42xel"]
material = ExtResource("2_lhx7d")
top_radius = 0.15
bottom_radius = 0.15
height = 23.818

[sub_resource type="CylinderMesh" id="CylinderMesh_cqb8u"]
material = ExtResource("13_buwvj")
top_radius = 0.15
bottom_radius = 0.15
height = 23.818

[sub_resource type="Gradient" id="Gradient_ekhpj"]
colors = PackedColorArray(0, 0, 0, 1, 0.188463, 0.221536, 0.20739, 1)

[sub_resource type="FastNoiseLite" id="FastNoiseLite_yr04i"]

[sub_resource type="NoiseTexture2D" id="NoiseTexture2D_506sp"]
color_ramp = SubResource("Gradient_ekhpj")
noise = SubResource("FastNoiseLite_yr04i")

[sub_resource type="StandardMaterial3D" id="StandardMaterial3D_jttvc"]
albedo_texture = SubResource("NoiseTexture2D_506sp")

[sub_resource type="BoxMesh" id="BoxMesh_13fve"]
material = SubResource("StandardMaterial3D_jttvc")
size = Vector3(16.62, 37.945, 28.04)
subdivide_height = 2
subdivide_depth = 1

[sub_resource type="Gradient" id="Gradient_cqb8u"]
offsets = PackedFloat32Array(0.00694444, 1)
colors = PackedColorArray(0, 0, 1, 1, 0.105882, 1, 1, 1)

[sub_resource type="FastNoiseLite" id="FastNoiseLite_ekhpj"]

[sub_resource type="NoiseTexture2D" id="NoiseTexture2D_yr04i"]
width = 1028
height = 1028
invert = true
seamless = true
color_ramp = SubResource("Gradient_cqb8u")
noise = SubResource("FastNoiseLite_ekhpj")

[sub_resource type="StandardMaterial3D" id="StandardMaterial3D_506sp"]
albedo_texture = SubResource("NoiseTexture2D_yr04i")

[sub_resource type="BoxMesh" id="BoxMesh_4ei4c"]
material = SubResource("StandardMaterial3D_506sp")
size = Vector3(75, 1, 120)

[sub_resource type="Animation" id="Animation_swhe5"]
length = 0.001
tracks/0/type = "value"
tracks/0/imported = false
tracks/0/enabled = true
tracks/0/path = NodePath(".:mesh:material:uv1_offset")
tracks/0/interp = 1
tracks/0/loop_wrap = true
tracks/0/keys = {
"times": PackedFloat32Array(0),
"transitions": PackedFloat32Array(1),
"update": 0,
"values": [Vector3(0, 0, 0)]
}

[sub_resource type="Animation" id="Animation_xrene"]
resource_name = "WaterMoving"
length = 10.0
loop_mode = 1
tracks/0/type = "value"
tracks/0/imported = false
tracks/0/enabled = true
tracks/0/path = NodePath(".:mesh:material:uv1_offset")
tracks/0/interp = 1
tracks/0/loop_wrap = true
tracks/0/keys = {
"times": PackedFloat32Array(0, 10),
"transitions": PackedFloat32Array(1, 1),
"update": 0,
"values": [Vector3(0, 0, 0), Vector3(1, 0, 0)]
}

[sub_resource type="AnimationLibrary" id="AnimationLibrary_jwksg"]
_data = {
&"RESET": SubResource("Animation_swhe5"),
&"WaterMoving": SubResource("Animation_xrene")
}

[sub_resource type="CylinderMesh" id="CylinderMesh_ekhpj"]
material = ExtResource("2_lhx7d")
top_radius = 100.0
bottom_radius = 100.0
height = 10.0

[sub_resource type="CylinderMesh" id="CylinderMesh_yr04i"]
material = ExtResource("2_lhx7d")
top_radius = 22.727
bottom_radius = 20.909
height = 200.0

[node name="World" type="Node3D"]
script = ExtResource("1_jivs5")

[node name="WorldEnvironment" type="WorldEnvironment" parent="."]
environment = SubResource("Environment_c3ijb")

[node name="Moon" type="MeshInstance3D" parent="."]
transform = Transform3D(1, 0, 0, 0, 1, 0, 0, 0, 1, -465.505, 131.449, -321.287)
mesh = SubResource("SphereMesh_3qctl")

[node name="DirectionalLight3D" type="DirectionalLight3D" parent="."]
transform = Transform3D(0.857957, 0.418956, -0.297296, 0, 0.578712, 0.815532, 0.513721, -0.699692, 0.49651, -16.699, 21.3309, -11.3315)
light_color = Color(0.683614, 0.992401, 0.985474, 1)
light_energy = 0.25

[node name="PlayerPath" type="Path3D" parent="."]
curve = SubResource("Curve3D_vvisa")

[node name="PlayerCart" type="PathFollow3D" parent="PlayerPath"]
transform = Transform3D(0.998318, 0, -0.057822, 0, 0.999998, 0, 0.057822, 0, 0.998317, -0.263565, 0, 0.0833736)
loop = false

[node name="Camera3D" type="Camera3D" parent="PlayerPath/PlayerCart"]
transform = Transform3D(1, 0, 0, 0, 1, 0, 0, 0, 1, 0, 2.156, 0)
current = true

[node name="Control" type="Control" parent="PlayerPath/PlayerCart/Camera3D"]
layout_mode = 3
anchors_preset = 15
anchor_right = 1.0
anchor_bottom = 1.0
grow_horizontal = 2
grow_vertical = 2

[node name="HeartHolder" type="Control" parent="PlayerPath/PlayerCart/Camera3D/Control"]
layout_mode = 1
anchors_preset = 2
anchor_top = 1.0
anchor_bottom = 1.0
offset_left = 75.0
offset_top = -153.0
offset_right = 261.0
offset_bottom = -58.0
grow_vertical = 0

[node name="HBoxContainer" type="HBoxContainer" parent="PlayerPath/PlayerCart/Camera3D/Control/HeartHolder"]
layout_mode = 0
offset_right = 187.0
offset_bottom = 30.0

[node name="TextureRect" type="TextureRect" parent="PlayerPath/PlayerCart/Camera3D/Control/HeartHolder/HBoxContainer"]
layout_mode = 2

[node name="BloodOverlay" type="TextureRect" parent="PlayerPath/PlayerCart/Camera3D/Control"]
modulate = Color(1, 1, 1, 0)
layout_mode = 1
anchors_preset = 15
anchor_right = 1.0
anchor_bottom = 1.0
grow_horizontal = 2
grow_vertical = 2
texture = SubResource("NoiseTexture2D_3qctl")

[node name="UIAnimPlayer" type="AnimationPlayer" parent="PlayerPath/PlayerCart/Camera3D/Control"]
libraries = {
&"": SubResource("AnimationLibrary_3qctl")
}

[node name="PlayerArea" type="Area3D" parent="PlayerPath/PlayerCart" groups=["player_area"]]
transform = Transform3D(1, 0, 0, 0, 1, 0, 0, 0, 1, 0, 0.959562, 0)

[node name="CollisionShape3D" type="CollisionShape3D" parent="PlayerPath/PlayerCart/PlayerArea"]
shape = SubResource("CapsuleShape3D_jivs5")

[node name="OmniLight3D" type="OmniLight3D" parent="PlayerPath/PlayerCart"]
transform = Transform3D(1, 0, 0, 0, 1, 0, 0, 0, 1, -0.179486, 2.1405, -3.09889)
light_color = Color(1, 1, 0.564706, 1)
light_energy = 16.0

[node name="EnemyMoveTo" type="Node3D" parent="PlayerPath/PlayerCart" groups=["player_cart"]]

[node name="Node3D" parent="PlayerPath/PlayerCart" instance=ExtResource("2_qd2iy")]
transform = Transform3D(-1, 0, -8.74228e-08, 0, 1, 0, 8.74228e-08, 0, -1, 0, 0, 0)

[node name="SecondaryCam" type="Camera3D" parent="PlayerPath/PlayerCart"]
transform = Transform3D(0.994527, -0.0386753, 0.0971017, -0.0362994, 0.743389, 0.667876, -0.0980146, -0.667739, 0.737918, 0.425289, 3.56522, 2.78457)

[node name="CamAnims" type="AnimationPlayer" parent="PlayerPath/PlayerCart"]
libraries = {
&"": SubResource("AnimationLibrary_42xel")
}

[node name="GPUParticles3D" type="GPUParticles3D" parent="PlayerPath/PlayerCart"]
transform = Transform3D(0.998331, 0, 0.0578228, 0, 1, 0, -0.0578228, 0, 0.998331, -0.232423, 8.88558, -8.57105)
amount = 80
lifetime = 3.0
process_material = SubResource("ParticleProcessMaterial_buwvj")
draw_pass_1 = SubResource("QuadMesh_yr04i")

[node name="Look_At" type="Node3D" parent="PlayerPath/PlayerCart"]
transform = Transform3D(0.998331, 0, 0.0578228, 0, 1, 0, -0.0578228, 0, 0.998331, 0.258304, 0, -0.0984745)

[node name="EnemyHolder" type="Node3D" parent="."]

[node name="Enemy" parent="EnemyHolder" instance=ExtResource("1_2of45")]
transform = Transform3D(0.393573, 0, -0.919293, 0, 1, 0, 0.919293, 0, 0.393573, 4.80139, 0, -13.3835)

[node name="Enemy4" parent="EnemyHolder" instance=ExtResource("1_2of45")]
transform = Transform3D(0.393573, 0, -0.919293, 0, 1, 0, 0.919293, 0, 0.393573, 3.74968, 0, -19.9286)

[node name="Enemy5" parent="EnemyHolder" instance=ExtResource("1_2of45")]
transform = Transform3D(0.999995, 0, -0.00317626, 0, 1, 0, 0.00317626, 0, 0.999995, -0.97548, -0.205565, -27.6279)

[node name="Enemy6" parent="EnemyHolder" instance=ExtResource("1_2of45")]
transform = Transform3D(0.974051, 0, 0.226328, 0, 1, 0, -0.226328, 0, 0.974051, -11.2874, 0, -28.8185)

[node name="Enemy7" parent="EnemyHolder" instance=ExtResource("1_2of45")]
transform = Transform3D(-0.996753, 0, -0.0805123, 0, 1, 0, 0.0805123, 0, -0.996753, -18.8177, 0, -18.5719)

[node name="Enemy8" parent="EnemyHolder" instance=ExtResource("1_2of45")]
transform = Transform3D(0.926699, 0, 0.375804, 0, 1, 0, -0.375804, 0, 0.926699, -30.0465, 0, -27.9762)

[node name="Enemy9" parent="EnemyHolder" instance=ExtResource("1_2of45")]
transform = Transform3D(-0.524372, 0, 0.851489, 0, 1, 0, -0.851489, 0, -0.524372, -38.3513, 0, -21.1814)

[node name="Enemy10" parent="EnemyHolder" instance=ExtResource("1_2of45")]
transform = Transform3D(0.0168587, 0, 0.999857, 0, 1, 0, -0.999857, 0, 0.0168587, -51.4145, 0, -23.7705)
difficulty = 1

[node name="Enemy11" parent="EnemyHolder" instance=ExtResource("1_2of45")]
transform = Transform3D(0.0168587, 0, 0.999857, 0, 1, 0, -0.999857, 0, 0.0168587, -68.8321, 0, -23.7705)
difficulty = 1

[node name="Enemy12" parent="EnemyHolder" instance=ExtResource("1_2of45")]
transform = Transform3D(-0.917428, 0, 0.3979, 0, 1, 0, -0.3979, 0, -0.917428, -86.044, 0, -17.366)
difficulty = 1

[node name="Enemy13" parent="EnemyHolder" instance=ExtResource("1_2of45")]
transform = Transform3D(-0.64007, 0, 0.768317, 0, 1, 0, -0.768317, 0, -0.64007, -96.6138, 0, -21.5527)
difficulty = 1

[node name="Enemy14" parent="EnemyHolder" instance=ExtResource("1_2of45")]
transform = Transform3D(-0.976103, 0, 0.217308, 0, 1, 0, -0.217308, 0, -0.976103, -91.3975, 0, -17.5033)
difficulty = 1

[node name="Enemy15" parent="EnemyHolder" instance=ExtResource("1_2of45")]
transform = Transform3D(0.946435, 0, -0.322893, 0, 1, 0, 0.322893, 0, 0.946435, -96.0647, 0, -30.5439)
difficulty = 1

[node name="BuildingHolder" type="Node3D" parent="."]

[node name="BaseBuilding" type="Node3D" parent="BuildingHolder"]
transform = Transform3D(0.946002, -0.207811, -0.248786, 0.204282, 0.978085, -0.0402169, 0.251691, -0.0127773, 0.967723, 7.63326, 3.05899, -3.71369)

[node name="Building" type="MeshInstance3D" parent="BuildingHolder/BaseBuilding"]
transform = Transform3D(1, 0, 0, 0, 1, 0, 0, 0, 1, 0, -1.59956, 0)
mesh = SubResource("BoxMesh_qd2iy")
skeleton = NodePath("../../..")

[node name="MeshInstance3D" type="MeshInstance3D" parent="BuildingHolder/BaseBuilding"]
transform = Transform3D(1, 0, 0, 0, 1, 0, 0, 0, 1, 0, 4.19461, 0)
mesh = SubResource("PrismMesh_3qctl")
skeleton = NodePath("../../..")

[node name="BaseBuilding2" type="Node3D" parent="BuildingHolder"]
transform = Transform3D(0.95781, -0.237412, 0.161973, 0.243158, 0.969849, -0.0163308, -0.153213, 0.0550269, 0.98666, 7.00906, 3.60969, -9.67453)

[node name="Building" type="MeshInstance3D" parent="BuildingHolder/BaseBuilding2"]
transform = Transform3D(1, 0, 0, 0, 1, 0, 0, 0, 1, 0, -1.59956, 0)
mesh = SubResource("BoxMesh_qd2iy")
skeleton = NodePath("../../..")

[node name="MeshInstance3D" type="MeshInstance3D" parent="BuildingHolder/BaseBuilding2"]
transform = Transform3D(1, 0, 0, 0, 1, 0, 0, 0, 1, 0, 4.19461, 0)
mesh = SubResource("PrismMesh_3qctl")
skeleton = NodePath("../../..")

[node name="BaseBuilding3" type="Node3D" parent="BuildingHolder"]
transform = Transform3D(0.970801, -0.229897, -0.068498, 0.229327, 0.973215, -0.0161809, 0.0703832, 0, 0.99752, 6.89575, 4.38182, -17.7846)

[node name="Building" type="MeshInstance3D" parent="BuildingHolder/BaseBuilding3"]
transform = Transform3D(1, 0, 0, 0, 1, 0, 0, 0, 1, 0, -1.59956, 0)
mesh = SubResource("BoxMesh_qd2iy")
skeleton = NodePath("../../..")

[node name="MeshInstance3D" type="MeshInstance3D" parent="BuildingHolder/BaseBuilding3"]
transform = Transform3D(1, 0, 0, 0, 1, 0, 0, 0, 1, 0, 4.19461, 0)
mesh = SubResource("PrismMesh_3qctl")
skeleton = NodePath("../../..")

[node name="BaseBuilding7" type="Node3D" parent="BuildingHolder"]
transform = Transform3D(0.948967, -0.149818, -0.277518, 0.0895054, 0.971719, -0.218519, 0.302408, 0.182528, 0.935539, 7.97641, 3.46454, -30.6521)

[node name="Building" type="MeshInstance3D" parent="BuildingHolder/BaseBuilding7"]
transform = Transform3D(1, 0, 0, 0, 1, 0, 0, 0, 1, 0, -1.59956, 0)
mesh = SubResource("BoxMesh_qd2iy")
skeleton = NodePath("../../..")

[node name="MeshInstance3D" type="MeshInstance3D" parent="BuildingHolder/BaseBuilding7"]
transform = Transform3D(1, 0, 0, 0, 1, 0, 0, 0, 1, 0, 4.19461, 0)
mesh = SubResource("PrismMesh_3qctl")
skeleton = NodePath("../../..")

[node name="BaseBuilding8" type="Node3D" parent="BuildingHolder"]
transform = Transform3D(1, 0, 0, 0, 1, 0, 0, 0, 1, 1.46121, 3.46454, -30.6521)

[node name="Building" type="MeshInstance3D" parent="BuildingHolder/BaseBuilding8"]
transform = Transform3D(1, 0, 0, 0, 0.975076, -0.221872, 0, 0.221872, 0.975076, 0, -1.59956, 0)
mesh = SubResource("BoxMesh_qd2iy")
skeleton = NodePath("../../..")

[node name="MeshInstance3D" type="MeshInstance3D" parent="BuildingHolder/BaseBuilding8"]
transform = Transform3D(1, 0, 0, 0, 0.962013, -0.273002, 0, 0.273002, 0.962013, 0, 4.19461, 0.979996)
mesh = SubResource("PrismMesh_3qctl")
skeleton = NodePath("../../..")

[node name="BaseBuilding9" type="Node3D" parent="BuildingHolder"]
transform = Transform3D(1, 0, 0, 0, 1, 0, 0, 0, 1, -6.03127, 3.46454, -30.6521)

[node name="Building" type="MeshInstance3D" parent="BuildingHolder/BaseBuilding9"]
transform = Transform3D(1, 0, 0, 0, 1, 0, 0, 0, 1, 0, -1.59956, 0)
mesh = SubResource("BoxMesh_qd2iy")
skeleton = NodePath("../../..")

[node name="MeshInstance3D" type="MeshInstance3D" parent="BuildingHolder/BaseBuilding9"]
transform = Transform3D(1, 0, 0, 0, 1, 0, 0, 0, 1, 0, 4.19461, 0)
mesh = SubResource("PrismMesh_3qctl")
skeleton = NodePath("../../..")

[node name="BaseBuilding10" type="Node3D" parent="BuildingHolder"]
transform = Transform3D(1, 0, 0, 0, 1, 0, 0, 0, 1, -16.3742, 3.46454, -30.7336)

[node name="Building" type="MeshInstance3D" parent="BuildingHolder/BaseBuilding10"]
transform = Transform3D(1, 0, 0, 0, 1, 0, 0, 0, 1, 0, -1.59956, 0)
mesh = SubResource("BoxMesh_qd2iy")
skeleton = NodePath("../../..")

[node name="MeshInstance3D" type="MeshInstance3D" parent="BuildingHolder/BaseBuilding10"]
transform = Transform3D(1, 0, 0, 0, 1, 0, 0, 0, 1, 0, 4.19461, 0)
mesh = SubResource("PrismMesh_3qctl")
skeleton = NodePath("../../..")

[node name="BaseBuilding11" type="Node3D" parent="BuildingHolder"]
transform = Transform3D(0.995768, 0.00391413, 0.091818, 0, 0.999093, -0.0425906, -0.0919013, 0.0424104, 0.994865, -15.234, 3.46454, -18.1104)

[node name="Building" type="MeshInstance3D" parent="BuildingHolder/BaseBuilding11"]
transform = Transform3D(1, 0, 0, 0, 1, 0, 0, 0, 1, 0, -1.59956, 0)
mesh = SubResource("BoxMesh_qd2iy")
skeleton = NodePath("../../..")

[node name="MeshInstance3D" type="MeshInstance3D" parent="BuildingHolder/BaseBuilding11"]
transform = Transform3D(1, 0, 0, 0, 1, 0, 0, 0, 1, 0, 4.19461, 0)
mesh = SubResource("PrismMesh_3qctl")
skeleton = NodePath("../../..")

[node name="BaseBuilding12" type="Node3D" parent="BuildingHolder"]
transform = Transform3D(1, 0, 0, 0, 1, 0, 0, 0, 1, -22.7265, 3.46454, -18.0289)

[node name="Building" type="MeshInstance3D" parent="BuildingHolder/BaseBuilding12"]
transform = Transform3D(1, 0, 0, 0, 1, 0, 0, 0, 1, 0, -1.59956, 0)
mesh = SubResource("BoxMesh_qd2iy")
skeleton = NodePath("../../..")

[node name="MeshInstance3D" type="MeshInstance3D" parent="BuildingHolder/BaseBuilding12"]
transform = Transform3D(1, 0, 0, 0, 1, 0, 0, 0, 1, 0, 4.19461, 0)
mesh = SubResource("PrismMesh_3qctl")
skeleton = NodePath("../../..")

[node name="BaseBuilding4" type="Node3D" parent="BuildingHolder"]
transform = Transform3D(0.981358, 0.186113, -0.0479358, -0.17411, 0.966561, 0.188271, 0.0813725, -0.176415, 0.980947, -7.4142, 4.05344, -17.7846)

[node name="Building" type="MeshInstance3D" parent="BuildingHolder/BaseBuilding4"]
transform = Transform3D(0.999999, 0.00115857, -8.07643e-06, -0.00115857, 0.999902, -0.0139666, -8.09133e-06, 0.0139666, 0.999902, 0, -1.59956, 0)
mesh = SubResource("BoxMesh_qd2iy")
skeleton = NodePath("../../..")

[node name="MeshInstance3D" type="MeshInstance3D" parent="BuildingHolder/BaseBuilding4"]
transform = Transform3D(1, 0, 0, 0, 1, 0, 0, 0, 1, 0, 4.19461, 0)
mesh = SubResource("PrismMesh_3qctl")
skeleton = NodePath("../../..")

[node name="BaseBuilding5" type="Node3D" parent="BuildingHolder"]
transform = Transform3D(0.973857, 0.212442, 0.0804425, -0.217818, 0.973809, 0.0652085, -0.0644825, -0.0810256, 0.994624, -7.30895, 3.46454, -10.1297)

[node name="Building" type="MeshInstance3D" parent="BuildingHolder/BaseBuilding5"]
transform = Transform3D(1, 0, 0, 0, 1, 0, 0, 0, 1, 0, -1.59956, 0)
mesh = SubResource("BoxMesh_qd2iy")
skeleton = NodePath("../../..")

[node name="MeshInstance3D" type="MeshInstance3D" parent="BuildingHolder/BaseBuilding5"]
transform = Transform3D(1, 0, 0, 0, 1, 0, 0, 0, 1, 0, 4.19461, 0)
mesh = SubResource("PrismMesh_3qctl")
skeleton = NodePath("../../..")

[node name="BaseBuilding6" type="Node3D" parent="BuildingHolder"]
transform = Transform3D(0.967259, 0.252932, -0.0208847, -0.253723, 0.965642, -0.0562142, 0.00594876, 0.0596726, 0.9982, -7.46448, 3.46454, -3.46615)

[node name="Building" type="MeshInstance3D" parent="BuildingHolder/BaseBuilding6"]
transform = Transform3D(1, 0, 0, 0, 1, 0, 0, 0, 1, 0, -1.59956, 0)
mesh = SubResource("BoxMesh_qd2iy")
skeleton = NodePath("../../..")

[node name="MeshInstance3D" type="MeshInstance3D" parent="BuildingHolder/BaseBuilding6"]
transform = Transform3D(1, 1.81317e-08, -2.32831e-09, 2.61934e-09, 1, 0, 4.65661e-10, 0, 1, 0, 4.19461, 0)
mesh = SubResource("PrismMesh_3qctl")
skeleton = NodePath("../../..")

[node name="MeshInstance3D5" type="MeshInstance3D" parent="BuildingHolder/BaseBuilding6"]
transform = Transform3D(0.0184733, -0.0864464, 0.996085, -0.101158, 0.990982, 0.0878794, -0.994699, -0.102386, 0.0095619, 1.88402, -0.136166, -0.0157824)
mesh = SubResource("QuadMesh_5ej7r")
skeleton = NodePath("../../..")

[node name="BaseBuilding13" type="Node3D" parent="BuildingHolder"]
transform = Transform3D(0.967259, 0.252932, -0.0208847, -0.253723, 0.965642, -0.0562142, 0.00594876, 0.0596726, 0.9982, -32.1536, 3.46454, -18.0672)

[node name="Building" type="MeshInstance3D" parent="BuildingHolder/BaseBuilding13"]
transform = Transform3D(1, 0, 0, 0, 1, 0, 0, 0, 1, 0, -1.59956, 0)
mesh = SubResource("BoxMesh_qd2iy")
skeleton = NodePath("../../..")

[node name="MeshInstance3D" type="MeshInstance3D" parent="BuildingHolder/BaseBuilding13"]
transform = Transform3D(1, 1.81317e-08, -2.32831e-09, 2.61934e-09, 1, 0, 4.65661e-10, 0, 1, 0, 4.19461, 0)
mesh = SubResource("PrismMesh_3qctl")
skeleton = NodePath("../../..")

[node name="MeshInstance3D5" type="MeshInstance3D" parent="BuildingHolder/BaseBuilding13"]
transform = Transform3D(0.0184733, -0.0864464, 0.996085, -0.101158, 0.990982, 0.0878794, -0.994699, -0.102386, 0.0095619, 1.88402, -0.136166, -0.0157824)
mesh = SubResource("QuadMesh_5ej7r")
skeleton = NodePath("../../..")

[node name="BaseBuilding16" type="Node3D" parent="BuildingHolder"]
transform = Transform3D(0.269722, 0.126441, 0.954601, -0.253723, 0.965642, -0.0562142, -0.928911, -0.227042, 0.292536, -101.035, 3.46454, -2.6017)

[node name="Building" type="MeshInstance3D" parent="BuildingHolder/BaseBuilding16"]
transform = Transform3D(1, 0, 0, 0, 1, 0, 0, 0, 1, 0, -1.59956, 0)
mesh = SubResource("BoxMesh_qd2iy")
skeleton = NodePath("../../..")

[node name="MeshInstance3D" type="MeshInstance3D" parent="BuildingHolder/BaseBuilding16"]
transform = Transform3D(1, 1.81317e-08, -2.32831e-09, 2.61934e-09, 1, 0, 4.65661e-10, 0, 1, 0, 4.19461, 0)
mesh = SubResource("PrismMesh_3qctl")
skeleton = NodePath("../../..")

[node name="MeshInstance3D5" type="MeshInstance3D" parent="BuildingHolder/BaseBuilding16"]
transform = Transform3D(0.0184733, -0.0864464, 0.996085, -0.101158, 0.990982, 0.0878794, -0.994699, -0.102386, 0.0095619, 1.88402, -0.136166, -0.0157824)
mesh = SubResource("QuadMesh_5ej7r")
skeleton = NodePath("../../..")

[node name="BaseBuilding21" type="Node3D" parent="BuildingHolder"]
transform = Transform3D(0.269722, 0.126441, 0.954601, -0.253723, 0.965642, -0.0562142, -0.928911, -0.227042, 0.292536, -79.4091, 3.46454, -7.45827)

[node name="Building" type="MeshInstance3D" parent="BuildingHolder/BaseBuilding21"]
transform = Transform3D(1, 0, 0, 0, 1, 0, 0, 0, 1, 0, -1.59956, 0)
mesh = SubResource("BoxMesh_qd2iy")
skeleton = NodePath("../../..")

[node name="MeshInstance3D" type="MeshInstance3D" parent="BuildingHolder/BaseBuilding21"]
transform = Transform3D(1, 1.81317e-08, -2.32831e-09, 2.61934e-09, 1, 0, 4.65661e-10, 0, 1, 0, 4.19461, 0)
mesh = SubResource("PrismMesh_3qctl")
skeleton = NodePath("../../..")

[node name="MeshInstance3D5" type="MeshInstance3D" parent="BuildingHolder/BaseBuilding21"]
transform = Transform3D(0.0184733, -0.0864464, 0.996085, -0.101158, 0.990982, 0.0878794, -0.994699, -0.102386, 0.0095619, 1.88402, -0.136166, -0.0157824)
mesh = SubResource("QuadMesh_5ej7r")
skeleton = NodePath("../../..")

[node name="BaseBuilding22" type="Node3D" parent="BuildingHolder"]
transform = Transform3D(0.523576, 0.185971, 0.831434, -0.253723, 0.965642, -0.0562142, -0.813323, -0.181522, 0.552772, -113.497, 3.46454, -14.0559)

[node name="Building" type="MeshInstance3D" parent="BuildingHolder/BaseBuilding22"]
transform = Transform3D(1, 0, 0, 0, 1, 0, 0, 0, 1, 0, -1.59956, 0)
mesh = SubResource("BoxMesh_qd2iy")
skeleton = NodePath("../../..")

[node name="MeshInstance3D" type="MeshInstance3D" parent="BuildingHolder/BaseBuilding22"]
transform = Transform3D(1, 1.81317e-08, -2.32831e-09, 2.61934e-09, 1, 0, 4.65661e-10, 0, 1, 0, 4.19461, 0)
mesh = SubResource("PrismMesh_3qctl")
skeleton = NodePath("../../..")

[node name="MeshInstance3D5" type="MeshInstance3D" parent="BuildingHolder/BaseBuilding22"]
transform = Transform3D(0.0184733, -0.0864464, 0.996085, -0.101158, 0.990982, 0.0878794, -0.994699, -0.102386, 0.0095619, 1.88402, -0.136166, -0.0157824)
mesh = SubResource("QuadMesh_5ej7r")
skeleton = NodePath("../../..")

[node name="BaseBuilding17" type="Node3D" parent="BuildingHolder"]
transform = Transform3D(0.101232, 0.0843057, 0.991284, -0.253723, 0.965642, -0.0562142, -0.961965, -0.245821, 0.119144, -60.722, 3.46454, -7.33026)

[node name="Building" type="MeshInstance3D" parent="BuildingHolder/BaseBuilding17"]
transform = Transform3D(1, 0, 0, 0, 1, 0, 0, 0, 1, 0, -1.59956, 0)
mesh = SubResource("BoxMesh_qd2iy")
skeleton = NodePath("../../..")

[node name="MeshInstance3D" type="MeshInstance3D" parent="BuildingHolder/BaseBuilding17"]
transform = Transform3D(1, 1.81317e-08, -2.32831e-09, 2.61934e-09, 1, 0, 4.65661e-10, 0, 1, 0, 4.19461, 0)
mesh = SubResource("PrismMesh_3qctl")
skeleton = NodePath("../../..")

[node name="MeshInstance3D5" type="MeshInstance3D" parent="BuildingHolder/BaseBuilding17"]
transform = Transform3D(0.0184733, -0.0864464, 0.996085, -0.101158, 0.990982, 0.0878794, -0.994699, -0.102386, 0.0095619, 1.88402, -0.136166, -0.0157824)
mesh = SubResource("QuadMesh_5ej7r")
skeleton = NodePath("../../..")

[node name="BaseBuilding20" type="Node3D" parent="BuildingHolder"]
transform = Transform3D(-0.533082, -0.091101, 0.841144, -0.253723, 0.965642, -0.0562142, -0.807124, -0.243385, -0.537881, -40.3377, 3.46454, -7.63598)

[node name="Building" type="MeshInstance3D" parent="BuildingHolder/BaseBuilding20"]
transform = Transform3D(1, 0, 0, 0, 1, 0, 0, 0, 1, 0, -1.59956, 0)
mesh = SubResource("BoxMesh_qd2iy")
skeleton = NodePath("../../..")

[node name="MeshInstance3D" type="MeshInstance3D" parent="BuildingHolder/BaseBuilding20"]
transform = Transform3D(1, 1.81317e-08, -2.32831e-09, 2.61934e-09, 1, 0, 4.65661e-10, 0, 1, 0, 4.19461, 0)
mesh = SubResource("PrismMesh_3qctl")
skeleton = NodePath("../../..")

[node name="MeshInstance3D5" type="MeshInstance3D" parent="BuildingHolder/BaseBuilding20"]
transform = Transform3D(0.0184733, -0.0864464, 0.996085, -0.101158, 0.990982, 0.0878794, -0.994699, -0.102386, 0.0095619, 1.88402, -0.136166, -0.0157824)
mesh = SubResource("QuadMesh_5ej7r")
skeleton = NodePath("../../..")

[node name="BaseBuilding14" type="Node3D" parent="BuildingHolder"]
transform = Transform3D(0.119819, -0.0262922, -0.992447, -0.253723, 0.965642, -0.0562142, 0.959827, 0.258542, 0.109031, -24.9858, 3.46454, -28.4207)

[node name="Building" type="MeshInstance3D" parent="BuildingHolder/BaseBuilding14"]
transform = Transform3D(1, 0, 0, 0, 1, 0, 0, 0, 1, 0, -1.59956, 0)
mesh = SubResource("BoxMesh_qd2iy")
skeleton = NodePath("../../..")

[node name="MeshInstance3D" type="MeshInstance3D" parent="BuildingHolder/BaseBuilding14"]
transform = Transform3D(1, 1.81317e-08, -2.32831e-09, 2.61934e-09, 1, 0, 4.65661e-10, 0, 1, 0, 4.19461, 0)
mesh = SubResource("PrismMesh_3qctl")
skeleton = NodePath("../../..")

[node name="MeshInstance3D5" type="MeshInstance3D" parent="BuildingHolder/BaseBuilding14"]
transform = Transform3D(0.0184733, -0.0864464, 0.996085, -0.101158, 0.990982, 0.0878794, -0.994699, -0.102386, 0.0095619, 1.88402, -0.136166, -0.0157824)
mesh = SubResource("QuadMesh_5ej7r")
skeleton = NodePath("../../..")

[node name="BaseBuilding15" type="Node3D" parent="BuildingHolder"]
transform = Transform3D(0.119819, -0.0262922, -0.992447, -0.253723, 0.965642, -0.0562142, 0.959827, 0.258542, 0.109031, -33.5516, 3.46454, -27.6854)

[node name="Building" type="MeshInstance3D" parent="BuildingHolder/BaseBuilding15"]
transform = Transform3D(1, 0, 0, 0, 1, 0, 0, 0, 1, 0, -1.59956, 0)
mesh = SubResource("BoxMesh_qd2iy")
skeleton = NodePath("../../..")

[node name="MeshInstance3D" type="MeshInstance3D" parent="BuildingHolder/BaseBuilding15"]
transform = Transform3D(1, 1.81317e-08, -2.32831e-09, 2.61934e-09, 1, 0, 4.65661e-10, 0, 1, 0, 4.19461, 0)
mesh = SubResource("PrismMesh_3qctl")
skeleton = NodePath("../../..")

[node name="MeshInstance3D5" type="MeshInstance3D" parent="BuildingHolder/BaseBuilding15"]
transform = Transform3D(0.0184733, -0.0864464, 0.996085, -0.101158, 0.990982, 0.0878794, -0.994699, -0.102386, 0.0095619, 1.88402, -0.136166, -0.0157824)
mesh = SubResource("QuadMesh_5ej7r")
skeleton = NodePath("../../..")

[node name="Trash" parent="BuildingHolder" instance=ExtResource("5_c3ijb")]
transform = Transform3D(0.625, 0, 0, 0, 0.625, 0, 0, 0, 0.625, 4.479, 0, -10.1234)

[node name="Trash2" parent="BuildingHolder" instance=ExtResource("5_c3ijb")]
transform = Transform3D(0.625, 0, 0, 0, 0.625, 0, 0, 0, 0.625, -5.48802, 0, -6.26801)

[node name="Trash3" parent="BuildingHolder" instance=ExtResource("5_c3ijb")]
transform = Transform3D(0.625, 0, 0, 0, 0.625, 0, 0, 0, 0.625, -8.82707, 0, -14.3306)

[node name="Trash4" parent="BuildingHolder" instance=ExtResource("5_c3ijb")]
transform = Transform3D(0.625, 0, 0, 0, 0.625, 0, 0, 0, 0.625, 8.35678, 0, -20.6829)

[node name="Trash5" parent="BuildingHolder" instance=ExtResource("5_c3ijb")]
transform = Transform3D(0.625, 0, 0, 0, 0.625, 0, 0, 0, 0.625, 3.95901, 0, -24.1034)

[node name="Trash6" parent="BuildingHolder" instance=ExtResource("5_c3ijb")]
transform = Transform3D(0.625, 0, 0, 0, 0.625, 0, 0, 0, 0.625, -25.9568, 0, -19.109)

[node name="Trash7" parent="BuildingHolder" instance=ExtResource("5_c3ijb")]
transform = Transform3D(0.625, 0, 0, 0, 0.625, 0, 0, 0, 0.625, -21.2146, 0, -27.6348)

[node name="Trash8" parent="BuildingHolder" instance=ExtResource("5_c3ijb")]
transform = Transform3D(0.625, 0, 0, 0, 0.625, 0, 0, 0, 0.625, -12.1339, 0, -20.2189)

[node name="Trash9" parent="BuildingHolder" instance=ExtResource("5_c3ijb")]
transform = Transform3D(0.625, 0, 0, 0, 0.625, 0, 0, 0, 0.625, -12.1339, 0, -20.2189)

[node name="Tower" type="MeshInstance3D" parent="BuildingHolder"]
transform = Transform3D(1, 0, 0, 0, 1, 0, 0, 0, 1, 14.4507, 5.97357, -11.8637)
mesh = SubResource("CylinderMesh_c3ijb")

[node name="MeshInstance3D" type="MeshInstance3D" parent="BuildingHolder/Tower"]
transform = Transform3D(1, 0, 0, 0, 1, 0, 0, 0, 1, 0, 8.7587, 0)
mesh = SubResource("CylinderMesh_2u5r2")

[node name="Tower2" type="MeshInstance3D" parent="BuildingHolder"]
